 231.00000  231.00000
 231.00000  256.00000
 231.00000  281.00000
 256.00000  231.00000
 256.00000  256.00000
 256.00000  281.00000
 281.00000  231.00000
 281.00000  256.00000
 281.00000  281.00000
 233.77778  233.77778
 233.77778  256.00000
 233.77778  278.22222
 256.00000  233.77778
 256.00000  256.00000
 256.00000  278.22222
 278.22222  233.77778
 278.22222  256.00000
 278.22222  278.22222
 236.00000  236.00000
 236.00000  256.00000
 236.00000  276.00000
 256.00000  236.00000
 256.00000  256.00000
 256.00000  276.00000
 276.00000  236.00000
 276.00000  256.00000
 276.00000  276.00000
