 137.27786  227.93689
 137.27786  256.00000
 137.27786  284.06311
 151.88659  225.48064
 151.88659  256.00000
 151.88659  286.51936
 169.29791  222.55317
 169.29791  256.00000
 169.29791  289.44683
 163.95395  230.82993
 163.95395  256.00000
 163.95395  281.17007
 179.01491  228.87168
 179.01491  256.00000
 179.01491  283.12832
 196.61710  226.58301
 196.61710  256.00000
 196.61710  285.41699
 185.64396  233.18223
 185.64396  256.00000
 185.64396  278.81777
 200.71757  231.58451
 200.71757  256.00000
 200.71757  280.41549
 218.06106  229.74620
 218.06106  256.00000
 218.06106  282.25380
