 342.70209  222.55317
 342.70209  256.00000
 342.70209  289.44683
 360.11341  225.48064
 360.11341  256.00000
 360.11341  286.51936
 374.72214  227.93689
 374.72214  256.00000
 374.72214  284.06311
 315.38290  226.58301
 315.38290  256.00000
 315.38290  285.41699
 332.98509  228.87168
 332.98509  256.00000
 332.98509  283.12832
 348.04605  230.82993
 348.04605  256.00000
 348.04605  281.17007
 293.93894  229.74620
 293.93894  256.00000
 293.93894  282.25380
 311.28243  231.58451
 311.28243  256.00000
 311.28243  280.41549
 326.35604  233.18223
 326.35604  256.00000
 326.35604  278.81777
